0.0
0.0
0.0
0.0
0.0
0.0
0.0
0.0
0.0
0.0
0.0
0.0
0.0
0.0
0.0
0.0
0.0
0.0
0.0
0.0
0.0004360270237295553
0.0
0.0
0.0
0.0
0.0
0.0
0.0
0.0
0.0
0.0
0.0
0.0
0.0
0.0
0.0
0.0
0.0
8.787168455185369e-06
0.0
0.0
0.0
0.050438829744217595
0.006634167340228879
2.0229799905069613e-05
0.0
0.0031292941552438706
0.0
0.0
0.0
0.0
0.0
0.0
0.0
0.09810801158496427
0.0010032822005425933
5.108145178893472e-05
5.986862024412009e-06
0.0006170330376773023
0.00041232098135869806
0.02011329750132037
1.8346835236101318e-05
0.003910579649429638
9.269979908766982e-06
1.6801838584640154e-05
0.0001653146417063445
0.21032797430322944
8.88373074590169e-06
0.0005438388213143296
0.0003280703827087065
0.0018415394462509907
0.00045548432530889433
0.0008680949935397414
0.0011219572558329538
0.016029340258909574
0.0018871168474690952
0.00023440496071387343
0.00038624916286529094
0.007320966632948724
0.0006990627036408184
0.0020961742068699336
0.004393632508738043
0.0018277310386785566
0.0024127053958380397
0.00038282120154486146
0.00032184211495750367
0.014054593132615416
6.324830041919138e-05
0.0007249896786981511
0.00045596713676247596
0.008303922471295532
0.001238990752181137
0.0006709630770423685
0.00010240430930466026
0.0003865388497374399
0.0062748107753280834
0.00033270537266309
0.0011137977422674245
0.01308839085170789
0.00020418096371966441
0.00014952670717422576
5.141941980644185e-05
0.015805605431319855
0.0011378900338011471
0.00033309162182595524
0.0001117225703587854
0.004971799224402025
0.00019510410839233009
0.000721658279668438
0.00037948980251514835
0.0005583714460671361
9.839697423993287e-05
0.0004907295614203521
0.002707220382522824
6.769016579214223e-05
3.630742130933735e-05
0.0001074738295672672
0.0004034372506127964
0.013527169900722861
0.0001028388396128837
0.0005716970421859888
0.00010008681432746851
0.00017724008460981037
0.007994778297567224
3.6259140163979184e-05
0.0001263517574023083
0.0001592312173912162
0.00012668972541981542
4.0942411263720835e-05
7.106984596721352e-05
0.00027974095620518697
5.09848894982184e-05
5.846846702873341e-05
2.1871358847247098e-05
4.606021267168594e-05
0.00043530280654918284
0.00029060421391077323
3.8866322013319896e-05
0.0004172456581852305
0.0011000858969857066
0.0032482106162610223
0.00010129384296142254
0.0002816722020195134
0.0012462329239848612
7.845686120701222e-05
0.00020814001763903365
0.0006095494601467872
0.0002601870923351316
0.00016072793289731918
6.218611522131184e-05
3.978366377512497e-05
5.644065892369064e-05
7.459436957835931e-05
3.881804086796174e-05
0.00015382372911110212
9.873494225744e-05
0.06872275464791723
5.7551125266928346e-05
6.13653357502231e-05
1.873308439896661e-05
0.0008448717626224657
4.277709478733097e-05
7.121468940328801e-05
0.0005322513464283709
6.513126508815969e-05
7.546343019480622e-05
6.184814720380471e-05
9.414823344841466e-05
8.569903301073642e-05
3.534179840217412e-05
6.508298394280151e-05
0.0001221030166107901
0.0005858916989212882
7.662217768340209e-05
0.001505937204866411
0.00011553678084208015
3.621085901862103e-05
2.945149866847843e-05
2.259557602761952e-05
4.784661504993791e-05
0.00016116246320554265
5.378519592899176e-05
2.8051345453091754e-05
7.995357671311522e-05
0.0003433272246418855
2.8823843778822334e-05
4.292193822340545e-05
0.00017144634716683102
0.002550741190417023
6.257236438417713e-05
0.0001163575603131689
0.0027955748785282596
0.0004561119801985504
0.00012176504859328296
9.593463582666663e-05
0.0043449168330716575
0.0007962526492467973
0.00013504236356677734
0.00046485086750837763
9.207214419801373e-05
0.00011481256366170772
0.0027471971708793817
6.305517583775874e-05
6.802813380964936e-05
0.0030499199522750534
7.401499583406137e-05
0.00012562754022193588
2.4092291533722523e-05
2.4671665278020456e-05
4.2680532496614644e-05
4.0507880955497384e-05
6.71107920478443e-05
2.8003064307733593e-05
3.7562731088649543e-05
0.001011634838689555
3.848007285045461e-05
0.00017815742637161545
0.0001240825435704747
0.00011630927916781072
0.00015889324937370906
0.00011684037176675051
2.5347601313034718e-05
3.848007285045461e-05
5.9289246499822156e-05
7.068359680434824e-05
0.004128182771558871
0.00022441076362473403
0.00010071446921712461
4.6446461834551236e-05
2.8485875761315205e-05
3.5486641838248605e-05
6.962141160646869e-05
3.2879459988907886e-05
0.00010221118472322761
3.775585567008219e-05
8.932011891259852e-05
9.100995900013417e-05
2.4671665278020456e-05
0.0006078596200592515
4.412896685735949e-05
4.108725469979532e-05
6.880063213537995e-05
4.181147188016774e-05
5.045379689927863e-05
6.86075075539473e-05
3.587289100111389e-05
0.013530211612880424
6.0737680860567e-05
0.0001359597053285824
0.0020186346874247266
8.695434279004862e-05
0.00011162600806806907
0.001110659467819144
0.00035433532578354625
0.0001034664945025398
7.203546887437675e-05
6.131705460486494e-05
0.00010457696084577752
2.8485875761315205e-05
0.0004935298678511255
5.6054409760825344e-05
3.1237901046730405e-05
0.0005920716855271328
4.1473503862660614e-05
0.00018515819244854884
0.00015773450188511317
5.730971954013754e-05
5.1129732934292886e-05
0.00011201225723093437
4.596365038096962e-05
3.5148673820741475e-05
9.926603485637977e-05
5.5813004034034536e-05
3.992850721119945e-05
4.6880992142774686e-05
7.290452949082366e-05
0.00010505977229935913
5.021239117248782e-05
0.00018004039104058372
4.8425988794235846e-05
0.00017579165024906554
5.291613531254485e-05
8.787168455185368e-05
9.752791362348596e-05
0.0019294594119482027
8.511965926643849e-05
5.817878015658445e-05
4.475662174701558e-05
8.680949935397413e-05
1.776746149180338e-05
7.382187125262873e-05
9.685197758847169e-05
5.639237777833247e-05
7.029734764148295e-05
4.543255778202984e-05
2.2692138318335842e-05
0.00010689445582296926
2.5347601313034718e-05
0.00044283466522505605
3.215524280853547e-05
0.0003906427470928836
0.00011655068489460154
4.697755443349101e-05
7.358046552583793e-05
0.00019148302249046798
2.9499779813836595e-05
2.97411855406274e-05
3.529351725681596e-05
0.0001339801783688978
5.1467700951800015e-05
6.894547557145443e-05
0.00010515633459007545
6.904203786217075e-05
9.018917952904542e-05
4.4611778310941104e-05
0.00023715698599928862
8.666465591789965e-05
3.8962884304036224e-05
3.0079153558134532e-05
2.0278081050427774e-05
8.743715424363023e-05
3.519695496609963e-05
3.355539602392215e-05
1.4049813299224957e-05
5.349550905684279e-05
1.4822311624955539e-05
0.0019755679057652468
5.465425654543866e-05
0.0001399670403933098
2.3223230917275618e-05
1.984355074220432e-05
0.00023899166952289877
0.00024101947762794154
6.86075075539473e-05
0.00013021424903096121
3.350711487856399e-05
0.0003537559520392483
3.693507619899344e-05
5.117801407965105e-05
8.13537299285019e-05
9.482416948342892e-05
7.275968605474918e-05
0.0022639511869895447
0.0001165989660399597
9.448620146592179e-05
0.0001433467205683811
9.955572172852874e-05
0.00013919454206757923
0.00016290058443843645
0.0003643778040180438
0.00389030156837921
9.453448261127996e-05
9.453448261127996e-05
0.00013818063801505784
0.00014730577448775033
6.580720112317394e-05
9.955572172852874e-05
0.00016067965175196102
2.6361505365556105e-05
8.753371653434655e-05
3.133446333744673e-05
4.002506950191577e-05
4.118381699051164e-05
2.2836981754410325e-05
3.075508959314879e-05
2.259557602761952e-05
1.54982476599698e-05
3.67419516175608e-05
9.718994560597882e-05
1.559480995068612e-05
1.8346835236101318e-05
3.360367716928031e-05
2.9789466685985564e-05
1.689840087535648e-05
6.802813380964936e-05
2.76168151448683e-05
2.8775562633464173e-05
3.413476976822009e-05
2.119542281223284e-05
0.0004280123536001005
0.00012065458225004526
0.001071455177788317
3.4955549239308825e-05
0.00022262436124648204
3.413476976822009e-05
1.5691372241402442e-05
3.118961990137224e-05
2.365776122549907e-05
1.1732318322033211e-05
1.5449966514611638e-05
5.716487610406306e-05
2.76168151448683e-05
3.872147857724542e-05
2.6120099638765297e-05
2.476822756873678e-05
3.9397414612259675e-05
0.00010843945247443042
1.2311692066331148e-05
1.6850119729998315e-05
2.191963999260526e-05
0.00012751050489090415
1.0090759379855725e-05
1.7960586073236028e-05
1.940902043398087e-05
1.347043955492702e-05
1.6850119729998315e-05
2.8051345453091754e-05
2.9644623249911078e-05
6.657969944890452e-05
1.2118567484898503e-05
2.829275117988256e-05
6.324830041919138e-05
1.4194656735299441e-05
1.4098094444583118e-05
3.775585567008219e-05
2.1340266248307322e-05
5.7551125266928346e-05
1.1780599467391373e-05
3.587289100111389e-05
1.5836215677476928e-05
2.162995312045629e-05
0.0024668285597845385
9.525869979165238e-05
3.2976022279624215e-05
1.936073928862271e-05
2.0954017085442032e-05
5.141941980644185e-05
0.00014518140409199124
2.3850885806931715e-05
4.8619113375668496e-05
3.056196501171615e-05
4.393584227592684e-05
2.1823077701888937e-05
2.4237134969797005e-05
2.727884712736117e-05
5.817878015658445e-05
2.4237134969797005e-05
2.4913071004811263e-05
6.904203786217075e-05
2.684431681913772e-05
0.0002992948200752423
2.2112764574037905e-05
2.0326362195785935e-05
0.00014918873915671863
2.2354170300828713e-05
9.994197089139403e-06
1.6319027131058543e-05
1.7477774619654413e-05
2.5251039022318393e-05
0.000853320963060144
2.018151875971145e-05
2.3995729243006198e-05
5.01158288817715e-05
0.00014856108426706253
2.5347601313034718e-05
3.423133205893641e-05
1.738121232893809e-05
1.9891831887562484e-05
0.0002755404965590269
4.132866042658613e-05
3.640398360005367e-05
0.0008725851400580504
5.4509413109364184e-05
2.539588245839288e-05
3.8528353995812767e-05
1.48705927703137e-05
1.347043955492702e-05
1.2504816647763794e-05
2.7471971708793817e-05
0.0024557238963521617
0.0025329254477798615
9.699682102454618e-05
1.9602145015413516e-05
1.5256841933178991e-05
1.6560432857849347e-05
3.118961990137224e-05
1.4436062462090249e-05
3.920429003082703e-05
1.2311692066331148e-05
2.539588245839288e-05
7.454608843300114e-05
3.775585567008219e-05
3.8769759722603574e-05
0.002457317174148981
1.3953251008508634e-05
0.0024725257349368017
3.819038597830564e-05
2.9210092941687627e-05
0.0002984740406041536
0.002453213276793537
1.8105429509310514e-05
0.0001905656807286629
4.282537593268913e-05
0.002449881877763824
1.627074598570038e-05
5.151598209715818e-05
7.26148426186747e-05
3.650054589076999e-05
1.5256841933178991e-05
0.0002925354597250997
3.3748520605354795e-05
0.002450171564635973
0.0002961565456269618
4.813630192208688e-05
0.0006074250897510281
5.484738112687131e-05
0.00025589007039825525
2.1388547393665486e-05
0.00029499779813836597
0.0008926700965270455
1.916761470719006e-05
2.0422924486502256e-05
0.00029895685205773515
1.4629187043522894e-05
4.73638035963563e-05
1.6415589421774865e-05
2.1340266248307322e-05
2.4816508714094942e-05
1.1394350304526082e-05
2.1774796556530776e-05
0.0005366449306559636
4.668786756134204e-05
0.0002750576851054453
0.000921542221451226
2.6023537348048976e-05
0.00170002740920622
0.00034173394684506615
0.001886827160596946
1.800886721859419e-05
0.0009052714754655256
0.0002816722020195134
4.137694157194429e-05
2.4575102987304134e-05
0.0008541417425312327
1.1490912595242405e-05
1.940902043398087e-05
2.2499013736903195e-05
1.2166848630256663e-05
0.00027187112951180663
2.1002298230800193e-05
1.5015436206388184e-05
0.0008818068388214592
0.00013557345616571712
4.552912007274617e-05
1.4001532153866797e-05
4.697755443349101e-05
0.0001269794122919644
6.86075075539473e-05
2.0567767922576742e-05
1.9602145015413516e-05
2.3899166952289876e-05
3.7562731088649543e-05
2.0616049067934903e-05
1.54982476599698e-05
7.454608843300114e-05
2.756853399951014e-05
1.940902043398087e-05
6.580720112317394e-05
1.771918034644522e-05
2.4140572679080684e-05
1.4291219026015765e-05
1.3615282991001505e-05
1.5739653386760606e-05
1.6753557439281994e-05
1.564309109604428e-05
4.089413011836268e-05
0.0012412116848676124
2.167823426581445e-05
1.800886721859419e-05
3.268633540747524e-05
3.210696166317731e-05
0.00023966760555791303
1.347043955492702e-05
8.400919292320077e-06
1.0235602815930209e-05
1.559480995068612e-05
1.4049813299224957e-05
7.531858675873173e-06
7.4835775305150115e-06
1.27462223745546e-05
1.5063717351746346e-05
4.6784429852058365e-05
2.6168380784123458e-05
0.00015464450858219085
7.145609513007882e-06
3.52452361114578e-05
1.54982476599698e-05
3.0706808447790626e-05
1.7477774619654413e-05
2.6409786510914266e-05
5.1564263242516337e-05
1.2311692066331148e-05
1.380840757243415e-05
7.676702111947656e-06
7.193890658366043e-06
8.594043873752722e-06
9.752791362348595e-06
7.966388984096625e-06
8.400919292320077e-06
4.142522271730245e-05
0.00010549430260758258
1.7139806602147284e-05
1.235997321168931e-05
1.6560432857849347e-05
4.340474967698707e-05
3.6259140163979184e-05
2.0422924486502256e-05
1.2987628101345407e-05
1.5836215677476928e-05
6.836610182715649e-05
7.43529638515685e-06
8.352638146961916e-06
8.932011891259853e-06
9.801072507706758e-06
1.1346069159167921e-05
1.728465003822177e-05
1.1152944577735276e-05
9.752791362348595e-06
1.4098094444583118e-05
1.4918873915671862e-05
1.9746988451487998e-05
4.828114535816137e-06
1.0139040525213887e-05
8.738887309827206e-06
8.594043873752722e-06
7.000766076933398e-06
2.129198510294916e-05
5.43645696732897e-05
9.414823344841466e-06
8.352638146961916e-06
1.1587474885958727e-05
1.3953251008508634e-05
1.0766695414869984e-05
8.642325019110885e-06
1.3229033828136213e-05
9.04788664011944e-05
9.221698763408821e-06
7.193890658366043e-06
1.1732318322033211e-05
9.89763479842308e-06
1.598105911355141e-05
6.179986605844655e-06
4.118381699051164e-05
2.2257608010112388e-05
2.7375409418077496e-05
1.950558272469719e-05
1.8636522108250286e-05
3.215524280853547e-05
1.2649660083838278e-05
9.704510216990435e-06
1.1780599467391373e-05
1.7912304927877867e-05
1.3132471537419892e-05
7.676702111947656e-06
8.690606164469046e-06
8.690606164469046e-06
7.049047222291559e-06
6.469673477993623e-06
8.932011891259853e-06
6.421392332635462e-06
1.3953251008508634e-05
8.738887309827206e-06
9.656229071632274e-06
1.564309109604428e-05
7.676702111947656e-06
5.697175152263041e-06
0.00025328288854891453
1.0042478234497564e-05
7.966388984096625e-06
8.014670129454787e-06
5.890299733695687e-06
9.318261054125143e-06
9.656229071632274e-06
5.504050570830396e-06
1.095981999630263e-05
5.504050570830396e-06
8.256075856245593e-06
6.566235768709946e-06
5.890299733695687e-06
1.559480995068612e-05
7.580139821231334e-06
4.683271099741653e-06
1.0283883961288371e-05
6.952484931575237e-06
3.302430342498237e-05
6.035143169770171e-06
2.051948677721858e-05
6.904203786217075e-06
1.5691372241402442e-05
2.162995312045629e-05
8.932011891259853e-06
5.552331716188557e-06
6.8076414955007524e-06
8.062951274812948e-06
5.407488280114073e-06
1.8395116381459482e-05
9.269979908766982e-06
7.43529638515685e-06
0.00040044381960059036
1.0911538850944469e-05
7.628420966589496e-06
4.972957971890621e-06
6.3731111872773e-06
1.1490912595242405e-05
1.0718414269511824e-05
7.77326440266398e-06
9.269979908766982e-06
6.324830041919139e-06
5.9385808790538476e-06
5.214363698681428e-06
5.890299733695687e-06
2.0326362195785935e-05
7.4835775305150115e-06
4.345303082234523e-06
1.27462223745546e-05
6.228267751202816e-06
1.6125902549625896e-05
4.634989954383491e-06
1.9312458143264548e-05
6.8076414955007524e-06
5.9385808790538476e-06
5.0695202626069435e-06
7.2904529490823666e-06
4.924676826532459e-06
6.3731111872773e-06
6.71107920478443e-06
5.0695202626069435e-05
1.627074598570038e-05
5.793737442979363e-06
1.1877161758107695e-05
1.0090759379855725e-05
2.2547294882261356e-05
1.1442631449884244e-05
6.662798059426268e-06
6.71107920478443e-06
1.1539193740600566e-05
9.076855327334337e-06
4.490146518309007e-06
5.890299733695687e-06
5.214363698681428e-06
1.48705927703137e-05
1.8105429509310514e-05
7.869826693380303e-06
2.756853399951014e-05
8.352638146961916e-06
1.2601378938480116e-05
8.4974815830364e-06
6.035143169770171e-06
7.628420966589496e-06
1.1877161758107695e-05
8.44920043767824e-06
6.469673477993623e-05
2.8872124924180498e-05
0.00018076460822095616
8.690606164469046e-06
8.014670129454787e-06
1.1780599467391373e-05
4.876395681174298e-06
6.421392332635462e-06
2.9113530650971302e-05
1.1201225723093437e-05
4.103897355443716e-06
6.469673477993623e-06
7.628420966589496e-06
6.662798059426268e-06
3.18655559363865e-05
5.166082553323266e-06
5.359207134755912e-06
8.352638146961916e-06
4.152178500801878e-06
1.1394350304526082e-05
6.517954623351784e-06
7.000766076933398e-06
4.297021936876361e-06
6.566235768709946e-06
1.2311692066331148e-05
5.407488280114073e-06
3.91077277401107e-06
9.076855327334337e-06
1.6174183694984057e-05
9.89763479842308e-06
3.8624916286529095e-06
3.6693670472202637e-06
6.083424315128332e-06
3.572804756503941e-05
0.000179219611569495
7.145609513007882e-06
6.083424315128332e-06
7.049047222291559e-06
3.91077277401107e-06
1.453262475280657e-05
1.7864023782519706e-05
5.2626448440395885e-06
4.634989954383491e-06
1.0042478234497564e-05
3.959053919369232e-06
7.82154554802214e-06
1.3325596118852537e-05
7.145609513007882e-06
8.062951274812948e-06
7.676702111947656e-06
5.64889400690488e-06
5.842018588337525e-06
3.6693670472202637e-06
8.400919292320077e-06
5.6006128615467184e-06
6.228267751202816e-06
1.1828880612749534e-05
5.745456297621203e-06
4.441865372950845e-06
7.77326440266398e-06
4.490146518309007e-06
9.009261723832911e-05
3.283117884354973e-06
7.724983257305819e-06
8.980293036618014e-06
4.538427663667169e-06
1.2311692066331148e-05
2.2547294882261356e-05
3.4762424657876183e-06
1.1490912595242405e-05
5.0695202626069435e-06
2.327151206263378e-05
1.202200519418218e-05
2.4913071004811263e-05
4.103897355443716e-06
5.4943943417587635e-05
1.3132471537419892e-05
5.986862024412009e-06
4.779833390457975e-06
4.634989954383491e-06
6.131705460486493e-06
5.842018588337525e-06
5.697175152263041e-06
6.324830041919139e-06
4.876395681174298e-06
4.475662174701558e-05
1.095981999630263e-05
7.097328367649721e-06
1.776746149180338e-05
4.586708809025329e-06
6.662798059426268e-06
6.614516914068107e-06
1.453262475280657e-05
6.3731111872773e-06
4.972957971890621e-06
6.3731111872773e-06
1.0670133124153661e-05
1.0090759379855725e-05
3.7659293379365866e-06
5.890299733695687e-06
5.166082553323266e-06
1.163575603131689e-05
5.359207134755912e-06
1.6174183694984057e-05
3.0706808447790626e-05
2.471994642337862e-05
4.297021936876361e-06
6.614516914068107e-06
4.345303082234523e-06
6.904203786217075e-06
3.7659293379365866e-06
4.634989954383491e-06
3.91077277401107e-06
4.586708809025329e-06
3.041712157564166e-06
6.469673477993623e-06
3.6693670472202637e-06
7.000766076933398e-06
2.607181849340714e-06
9.028574181976175e-06
2.3609480080140908e-05
4.586708809025329e-06
3.814210483294748e-06
6.759360350142591e-06
8.642325019110885e-06
6.131705460486493e-06
3.6693670472202637e-06
8.111232420171109e-06
4.0556162100855545e-06
2.0084956468995127e-05
8.352638146961916e-06
8.642325019110885e-06
8.594043873752722e-06
6.855922640858914e-06
5.8227061301942604e-05
1.0718414269511824e-05
1.1442631449884244e-05
1.660871400320751e-05
2.1726515411172614e-06
6.2765488965609775e-06
6.614516914068107e-06
6.517954623351784e-06
3.1382744482804888e-06
1.168403717667505e-05
4.828114535816137e-06
3.91077277401107e-06
4.152178500801878e-06
5.6006128615467184e-06
5.745456297621203e-06
4.441865372950845e-06
9.994197089139403e-06
1.4967155061030023e-05
1.0525289688079177e-05
4.297021936876361e-06
5.214363698681428e-06
7.966388984096625e-06
7.000766076933398e-06
7.966388984096625e-06
2.4623384132662297e-06
0.00012157192401185032
3.283117884354973e-06
6.035143169770171e-06
2.9934310122060046e-06
4.538427663667169e-06
3.959053919369232e-06
7.628420966589496e-06
4.345303082234523e-06
1.2070286339540342e-05
6.904203786217075e-06
5.359207134755912e-06
4.007335064727394e-06
7.82154554802214e-06
4.828114535816137e-06
5.793737442979363e-06
5.117801407965104e-06
5.407488280114073e-06
5.890299733695687e-06
7.724983257305819e-06
5.31092598939775e-06
4.3935842275926844e-06
3.727304421650057e-05
5.697175152263041e-06
5.455769425472234e-06
8.256075856245593e-06
7.676702111947656e-06
4.345303082234523e-06
5.31092598939775e-06
1.0380446252004693e-05
5.793737442979363e-06
6.952484931575237e-06
3.6210859018621024e-06
3.6693670472202637e-06
4.345303082234523e-06
1.0380446252004693e-05
7.4835775305150115e-06
2.471994642337862e-05
9.366542199483305e-06
6.228267751202816e-06
4.345303082234523e-06
2.7037441400570363e-05
1.0670133124153661e-05
1.0283883961288371e-05
5.166082553323266e-06
6.952484931575237e-06
4.586708809025329e-06
4.3935842275926844e-06
5.407488280114073e-06
1.2842784665270923e-05
3.717648192578425e-06
5.6006128615467184e-06
4.007335064727394e-06
4.490146518309007e-06
4.924676826532459e-06
5.117801407965104e-06
3.8624916286529095e-06
5.793737442979363e-06
1.8153710654668674e-05
4.441865372950845e-06
4.0556162100855545e-06
4.972957971890621e-06
1.453262475280657e-05
5.986862024412009e-06
4.2487407915182e-06
4.7315522450998135e-06
4.828114535816137e-06
4.441865372950845e-06
3.18655559363865e-06
6.71107920478443e-06
4.924676826532459e-06
5.552331716188557e-06
5.504050570830396e-06
3.814210483294748e-06
1.660871400320751e-05
4.3935842275926844e-06
3.3796801750712954e-06
5.407488280114073e-06
4.876395681174298e-06
5.214363698681428e-06
3.6693670472202637e-06
1.554652880532796e-05
4.683271099741653e-06
4.345303082234523e-06
5.31092598939775e-06
6.71107920478443e-06
1.1587474885958727e-05
5.842018588337525e-06
4.924676826532459e-06
4.538427663667169e-06
9.463104490199627e-06
9.40999523030565e-05
5.6006128615467184e-06
1.0235602815930209e-05
4.0556162100855545e-06
7.387015239798689e-06
5.6006128615467184e-06
4.828114535816137e-06
3.91077277401107e-06
5.0695202626069435e-06
1.3856688717792312e-05
3.3796801750712954e-06
8.352638146961916e-06
6.131705460486493e-06
5.6006128615467184e-06
4.152178500801878e-06
1.2601378938480116e-05
6.517954623351784e-06
2.510619558624391e-06
1.1780599467391373e-05
3.814210483294748e-06
4.7315522450998135e-06
2.3174949771917455e-06
5.890299733695687e-06
3.959053919369232e-06
4.0556162100855545e-06
4.634989954383491e-06
4.103897355443716e-06
4.200459646160039e-06
6.71107920478443e-06
4.441865372950845e-06
3.8624916286529095e-06
1.4774030479597378e-05
4.200459646160039e-06
4.7315522450998135e-06
3.988022606584129e-05
6.8076414955007524e-06
5.021239117248782e-06
2.8968687214896817e-06
4.586708809025329e-06
4.634989954383491e-06
4.828114535816137e-06
2.9451498668478434e-06
4.828114535816137e-06
3.331399029713134e-06
6.952484931575237e-06
3.814210483294748e-06
3.331399029713134e-06
7.43529638515685e-06
5.0695202626069435e-06
4.972957971890621e-06
1.728465003822177e-05
5.793737442979363e-06
7.628420966589496e-06
7.000766076933398e-06
8.738887309827206e-06
6.3731111872773e-06
7.724983257305819e-06
3.18655559363865e-06
4.876395681174298e-06
4.345303082234523e-06
6.228267751202816e-06
5.021239117248782e-06
9.173417618050659e-06
1.202200519418218e-05
4.345303082234523e-06
3.2348367389968117e-06
4.683271099741653e-06
8.642325019110885e-06
5.166082553323266e-06
9.125136472692498e-06
5.455769425472234e-06
9.414823344841466e-06
4.441865372950845e-06
3.427961320429457e-06
6.517954623351784e-06
3.056196501171615e-05
2.1243703957591e-05
4.538427663667169e-06
7.43529638515685e-06
5.842018588337525e-06
6.759360350142591e-06
3.427961320429457e-06
8.304357001603756e-06
3.4955549239308825e-05
6.71107920478443e-06
4.634989954383491e-06
4.924676826532459e-06
4.683271099741653e-06
6.083424315128332e-06
5.407488280114073e-06
5.001926659105518e-05
5.021239117248782e-06
6.8076414955007524e-06
3.717648192578425e-06
8.207794710887432e-06
8.594043873752722e-06
4.3935842275926844e-06
4.200459646160039e-06
9.414823344841466e-06
1.347043955492702e-05
8.932011891259853e-06
3.8624916286529095e-06
9.801072507706758e-06
7.966388984096625e-06
6.904203786217075e-06
5.842018588337525e-06
4.7315522450998135e-06
4.876395681174298e-06
6.517954623351784e-06
3.8624916286529095e-06
6.904203786217075e-06
1.0380446252004693e-05
5.504050570830396e-06
5.2626448440395885e-06
8.014670129454787e-06
3.7659293379365866e-06
6.469673477993623e-06
4.972957971890621e-06
5.407488280114073e-06
4.634989954383491e-06
5.504050570830396e-06
3.350711487856399e-05
5.6006128615467184e-06
3.717648192578425e-06
5.890299733695687e-06
3.427961320429457e-06
4.2487407915182e-06
9.269979908766982e-06
6.2765488965609775e-06
5.166082553323266e-06
1.2842784665270923e-05
4.683271099741653e-06
4.586708809025329e-06
3.331399029713134e-06
7.387015239798689e-06
4.538427663667169e-06
0.0001138469407545445
3.572804756503941e-06
3.572804756503941e-06
6.614516914068107e-06
7.387015239798689e-06
3.6210859018621024e-06
4.103897355443716e-06
8.642325019110885e-06
7.77326440266398e-06
8.787168455185369e-06
5.455769425472234e-06
6.131705460486493e-06
4.200459646160039e-06
3.6210859018621024e-06
5.793737442979363e-06
4.683271099741653e-06
4.876395681174298e-06
3.18655559363865e-06
5.31092598939775e-06
3.5245236111457795e-06
7.338734094440527e-06
3.1382744482804888e-06
6.179986605844655e-06
5.552331716188557e-06
3.6693670472202637e-06
3.959053919369232e-06
5.166082553323266e-06
5.697175152263041e-06
5.64889400690488e-06
2.752025285415198e-06
7.193890658366043e-06
3.572804756503941e-06
4.5480838927388006e-05
5.359207134755912e-06
5.0695202626069435e-06
3.6210859018621024e-06
1.1828880612749534e-05
2.1726515411172614e-06
5.021239117248782e-06
6.759360350142591e-06
4.103897355443716e-06
5.117801407965104e-06
6.0061744825552735e-05
3.18655559363865e-06
3.91077277401107e-06
3.814210483294748e-06
5.697175152263041e-06
3.8624916286529095e-06
6.2765488965609775e-06
5.021239117248782e-06
1.7864023782519706e-05
3.8624916286529095e-06
6.035143169770171e-06
4.538427663667169e-06
4.779833390457975e-06
7.2904529490823666e-06
6.566235768709946e-06
6.421392332635462e-06
7.097328367649721e-06
3.5583204128964926e-05
9.318261054125143e-06
7.531858675873173e-06
7.918107838738464e-06
7.77326440266398e-06
9.028574181976175e-06
7.145609513007882e-06
9.752791362348595e-06
1.1056382287018953e-05
1.1104663432377114e-05
1.627074598570038e-05
1.2311692066331148e-05
1.5353404223895313e-05
1.8395116381459482e-05
2.0374643341144096e-05
1.6415589421774865e-05
1.559480995068612e-05
1.5063717351746346e-05
1.3711845281717828e-05
2.6313224220197944e-05
1.91193335618319e-05
2.9644623249911078e-05
1.738121232893809e-05
1.940902043398087e-05
1.4001532153866797e-05
1.6850119729998315e-05
1.8105429509310514e-05
1.8539959817533964e-05
2.331979320799194e-05
2.718228483664485e-05
1.0718414269511824e-05
1.733293118357993e-05
1.1056382287018953e-05
1.1780599467391373e-05
1.0428727397362855e-05
0.00015739653386760604
9.656229071632274e-06
9.269979908766982e-06
7.145609513007882e-06
1.0090759379855725e-05
1.1973724048824018e-05
0.0010945335652695182
1.1442631449884244e-05
5.359207134755912e-06
1.0283883961288371e-05
6.614516914068107e-06
4.3935842275926844e-06
6.035143169770171e-06
1.4774030479597378e-05
4.007335064727394e-06
7.580139821231334e-06
4.683271099741653e-06
3.427961320429457e-06
4.972957971890621e-06
5.166082553323266e-06
1.06218519787955e-05
7.52220244680154e-05
4.3211625095554424e-05
2.539588245839288e-05
2.0374643341144096e-05
1.7139806602147284e-05
8.352638146961916e-06
5.842018588337525e-06
1.235997321168931e-05
8.014670129454787e-06
6.952484931575237e-06
5.214363698681428e-06
7.966388984096625e-06
7.387015239798689e-06
6.566235768709946e-06
7.724983257305819e-06
0.00015363060452966947
7.193890658366043e-06
5.359207134755912e-06
4.876395681174298e-06
2.2161045719396066e-05
1.5015436206388184e-05
4.828114535816137e-06
3.3796801750712954e-06
8.207794710887432e-06
5.021239117248782e-06
1.0042478234497564e-05
4.972957971890621e-06
7.000766076933398e-06
7.193890658366043e-06
1.06218519787955e-05
5.117801407965104e-06
6.855922640858914e-06
4.2487407915182e-06
7.2904529490823666e-06
4.152178500801878e-06
5.31092598939775e-06
3.403820747750376e-05
9.51138563555779e-06
9.173417618050659e-06
2.9596342104552917e-05
1.0766695414869984e-05
5.986862024412009e-06
6.421392332635462e-06
6.517954623351784e-06
5.359207134755912e-06
5.2626448440395885e-06
5.117801407965104e-06
1.4629187043522894e-05
1.3663564136359666e-05
9.028574181976175e-06
3.3796801750712954e-06
5.359207134755912e-06
5.31092598939775e-06
5.64889400690488e-06
3.717648192578425e-06
0.007534852106885379
4.103897355443716e-06
7.724983257305819e-06
4.490146518309007e-06
1.095981999630263e-05
3.1382744482804888e-06
6.8076414955007524e-06
4.3935842275926844e-06
6.904203786217075e-06
4.2487407915182e-06
7.242171803724205e-06
3.717648192578425e-06
8.932011891259853e-06
7.918107838738464e-06
6.3731111872773e-06
4.297021936876361e-06
8.932011891259853e-06
4.3935842275926844e-06
5.842018588337525e-06
4.0556162100855545e-06
3.0079153558134532e-05
5.9385808790538476e-06
2.33680743533501e-05
2.607181849340714e-06
1.0814976560228145e-05
3.959053919369232e-06
5.745456297621203e-06
4.200459646160039e-06
4.297021936876361e-06
7.097328367649721e-06
5.745456297621203e-06
3.814210483294748e-06
5.359207134755912e-06
4.200459646160039e-06
2.1436828539023647e-05
3.8624916286529095e-06
0.00011312272357417207
2.375432351621539e-05
4.7315522450998135e-06
4.7315522450998135e-06
5.986862024412009e-06
7.2904529490823666e-06
8.159513565529271e-06
6.324830041919139e-06
7.000766076933398e-06
6.71107920478443e-06
4.779833390457975e-06
3.6210859018621024e-06
7.097328367649721e-06
5.552331716188557e-06
6.614516914068107e-06
8.256075856245593e-06
6.3731111872773e-06
5.504050570830396e-06
5.793737442979363e-06
4.924676826532459e-06
5.64889400690488e-06
5.359207134755912e-06
7.77326440266398e-06
1.2215129775614826e-05
5.64889400690488e-06
2.2305889155470552e-05
4.297021936876361e-06
3.717648192578425e-06
5.552331716188557e-06
4.972957971890621e-06
4.779833390457975e-06
5.117801407965104e-06
9.51138563555779e-06
6.759360350142591e-06
7.000766076933398e-06
4.779833390457975e-06
5.552331716188557e-06
4.007335064727394e-06
6.904203786217075e-06
4.441865372950845e-06
1.5401685369253474e-05
6.083424315128332e-06
8.642325019110885e-06
8.83544960054353e-06
6.131705460486493e-06
8.738887309827206e-06
7.676702111947656e-06
4.972957971890621e-06
9.801072507706758e-06
5.166082553323266e-06
0.013830520337008188
4.828114535816137e-06
4.924676826532459e-06
4.828114535816137e-06
1.9891831887562484e-05
4.972957971890621e-06
6.662798059426268e-06
7.4835775305150115e-06
7.049047222291559e-06
5.499222456294579e-05
0.00021480281569845992
6.759360350142591e-06
4.67361487067002e-05
4.3935842275926844e-06
1.2891065810629084e-05
5.6006128615467184e-06
7.4835775305150115e-06
7.43529638515685e-06
9.414823344841466e-06
4.634989954383491e-06
7.676702111947656e-06
3.6355702454695506e-05
1.76226180557289e-05
1.1249506868451598e-05
6.228267751202816e-06
5.021239117248782e-06
6.662798059426268e-06
1.3518720700285182e-05
6.469673477993623e-06
9.752791362348595e-06
8.724402966219759e-05
5.986862024412009e-06
1.5739653386760606e-05
4.586708809025329e-06
7.531858675873173e-06
5.359207134755912e-06
7.097328367649721e-06
4.490146518309007e-06
6.614516914068107e-06
3.109305761065592e-05
7.676702111947656e-06
5.2626448440395885e-06
0.09354462256914693
8.159513565529271e-06
7.4835775305150115e-06
3.91077277401107e-06
7.049047222291559e-06
6.952484931575237e-06
5.0695202626069435e-06
7.387015239798689e-06
5.455769425472234e-06
5.31092598939775e-06
3.848007285045461e-05
3.814210483294748e-06
4.7315522450998135e-06
8.159513565529271e-06
8.738887309827206e-06
4.297021936876361e-06
7.049047222291559e-06
4.828114535816137e-06
4.137694157194429e-05
7.193890658366043e-06
4.697755443349101e-05
4.103897355443716e-06
1.5256841933178991e-05
4.441865372950845e-06
7.097328367649721e-06
3.8624916286529095e-06
6.3731111872773e-06
0.0001488507711392115
1.3084190392061729e-05
6.324830041919139e-06
0.012328011093462207
8.787168455185369e-06
2.129198510294916e-05
4.683271099741653e-06
6.228267751202816e-06
5.021239117248782e-06
5.0695202626069435e-06
4.634989954383491e-06
5.455769425472234e-06
3.331399029713134e-06
5.141941980644185e-05
3.7659293379365866e-06
8.932011891259853e-06
3.7659293379365866e-06
8.256075856245593e-06
6.228267751202816e-06
4.828114535816137e-06
3.0899933029223275e-06
2.6216661929481622e-05
1.8250272945384996e-05
0.004575169615284729
2.8968687214896817e-06
0.011796194277342058
9.801072507706758e-06
4.7315522450998135e-06
5.0695202626069435e-06
0.0002901696836025498
3.0899933029223275e-06
3.959053919369232e-06
3.6693670472202637e-06
7.831201777093773e-05
6.131705460486493e-06
5.214363698681428e-06
2.607181849340714e-06
5.455769425472234e-06
1.7091525456789123e-05
4.3935842275926844e-06
