1 66
2 66
3 66
4 66
5 66
6 66
7 66
8 66
9 66
10 66
11 66
12 66
13 66
14 66
15 66
16 66
17 66
18 66
19 66
20 66
21 66
22 66
23 66
24 66
25 66
26 66
27 66
28 66
29 66
30 66
31 66
32 66
33 66
34 66
35 66
36 66
37 66
38 66
39 66
40 66
41 66
42 66
43 66
44 66
45 66
46 66
47 66
48 66
49 66
50 66
51 66
52 66
53 66
54 66
55 66
56 66
57 66
58 66
59 66
60 66
61 66
62 66
63 66
64 66
65 66
66 66
67 123
68 123
69 123
70 123
71 123
72 123
73 123
74 123
75 123
76 123
77 123
78 123
79 123
80 123
81 123
82 123
83 123
84 123
85 123
86 123
87 123
88 123
89 123
90 123
91 123
92 123
93 123
94 123
95 123
96 123
97 123
98 123
99 123
100 123
101 123
102 123
103 123
104 123
105 123
106 123
107 123
108 123
109 123
110 123
111 123
112 123
113 123
114 123
115 123
116 123
117 123
118 123
119 123
120 123
121 123
122 123
123 123
124 235
125 235
126 235
127 235
128 235
129 235
130 235
131 235
132 235
133 235
134 235
135 235
136 235
137 235
138 235
139 235
140 235
141 235
142 235
143 235
144 235
145 235
146 235
147 235
148 235
149 235
150 235
151 235
152 235
153 235
154 235
155 235
156 235
157 235
158 235
159 235
160 235
161 235
162 235
163 235
164 235
165 235
166 235
167 235
168 235
169 235
170 235
171 235
172 235
173 235
174 235
175 235
176 235
177 235
178 235
179 235
180 235
181 235
182 235
183 235
184 235
185 235
186 235
187 235
188 235
189 235
190 235
191 235
192 235
193 235
194 235
195 235
196 235
197 235
198 235
199 235
200 235
201 235
202 235
203 235
204 235
205 235
206 235
207 235
208 235
209 235
210 235
211 235
212 235
213 235
214 235
215 235
216 235
217 235
218 235
219 235
220 235
221 235
222 235
223 235
224 235
225 235
226 235
227 235
228 235
229 235
230 235
231 235
232 235
233 235
234 235
235 235
236 543
237 543
238 543
239 543
240 543
241 543
242 543
243 543
244 543
245 543
246 543
247 543
248 543
249 543
250 543
251 543
252 543
253 543
254 543
255 543
256 543
257 543
258 543
259 543
260 543
261 543
262 543
263 543
264 543
265 543
266 543
267 543
268 543
269 543
270 543
271 543
272 543
273 543
274 543
275 543
276 543
277 543
278 543
279 543
280 543
281 543
282 543
283 543
284 543
285 543
286 543
287 543
288 543
289 543
290 543
291 543
292 543
293 543
294 543
295 543
296 543
297 543
298 543
299 543
300 543
301 543
302 543
303 543
304 543
305 543
306 543
307 543
308 543
309 543
310 543
311 543
312 543
313 543
314 543
315 543
316 543
317 543
318 543
319 543
320 543
321 543
322 543
323 543
324 543
325 543
326 543
327 543
328 543
329 543
330 543
331 543
332 543
333 543
334 543
335 543
336 543
337 543
338 543
339 543
340 543
341 543
342 543
343 543
344 543
345 543
346 543
347 543
348 543
349 543
350 543
351 543
352 543
353 543
354 543
355 543
356 543
357 543
358 543
359 543
360 543
361 543
362 543
363 543
364 543
365 543
366 543
367 543
368 543
369 543
370 543
371 543
372 543
373 543
374 543
375 543
376 543
377 543
378 543
379 543
380 543
381 543
382 543
383 543
384 543
385 543
386 543
387 543
388 543
389 543
390 543
391 543
392 543
393 543
394 543
395 543
396 543
397 543
398 543
399 543
400 543
401 543
402 543
403 543
404 543
405 543
406 543
407 543
408 543
409 543
410 543
411 543
412 543
413 543
414 543
415 543
416 543
417 543
418 543
419 543
420 543
421 543
422 543
423 543
424 543
425 543
426 543
427 543
428 543
429 543
430 543
431 543
432 543
433 543
434 543
435 543
436 543
437 543
438 543
439 543
440 543
441 543
442 543
443 543
444 543
445 543
446 543
447 543
448 543
449 543
450 543
451 543
452 543
453 543
454 543
455 543
456 543
457 543
458 543
459 543
460 543
461 543
462 543
463 543
464 543
465 543
466 543
467 543
468 543
469 543
470 543
471 543
472 543
473 543
474 543
475 543
476 543
477 543
478 543
479 543
480 543
481 543
482 543
483 543
484 543
485 543
486 543
487 543
488 543
489 543
490 543
491 543
492 543
493 543
494 543
495 543
496 543
497 543
498 543
499 543
500 543
501 543
502 543
503 543
504 543
505 543
506 543
507 543
508 543
509 543
510 543
511 543
512 543
513 543
514 543
515 543
516 543
517 543
518 543
519 543
520 543
521 543
522 543
523 543
524 543
525 543
526 543
527 543
528 543
529 543
530 543
531 543
532 543
533 543
534 543
535 543
536 543
537 543
538 543
539 543
540 543
541 543
542 543
543 543
544 1500
545 1500
546 1500
547 1500
548 1500
549 1500
550 1500
551 1500
552 1500
553 1500
554 1500
555 1500
556 1500
557 1500
558 1500
559 1500
560 1500
561 1500
562 1500
563 1500
564 1500
565 1500
566 1500
567 1500
568 1500
569 1500
570 1500
571 1500
572 1500
573 1500
574 1500
575 1500
576 1500
577 1500
578 1500
579 1500
580 1500
581 1500
582 1500
583 1500
584 1500
585 1500
586 1500
587 1500
588 1500
589 1500
590 1500
591 1500
592 1500
593 1500
594 1500
595 1500
596 1500
597 1500
598 1500
599 1500
600 1500
601 1500
602 1500
603 1500
604 1500
605 1500
606 1500
607 1500
608 1500
609 1500
610 1500
611 1500
612 1500
613 1500
614 1500
615 1500
616 1500
617 1500
618 1500
619 1500
620 1500
621 1500
622 1500
623 1500
624 1500
625 1500
626 1500
627 1500
628 1500
629 1500
630 1500
631 1500
632 1500
633 1500
634 1500
635 1500
636 1500
637 1500
638 1500
639 1500
640 1500
641 1500
642 1500
643 1500
644 1500
645 1500
646 1500
647 1500
648 1500
649 1500
650 1500
651 1500
652 1500
653 1500
654 1500
655 1500
656 1500
657 1500
658 1500
659 1500
660 1500
661 1500
662 1500
663 1500
664 1500
665 1500
666 1500
667 1500
668 1500
669 1500
670 1500
671 1500
672 1500
673 1500
674 1500
675 1500
676 1500
677 1500
678 1500
679 1500
680 1500
681 1500
682 1500
683 1500
684 1500
685 1500
686 1500
687 1500
688 1500
689 1500
690 1500
691 1500
692 1500
693 1500
694 1500
695 1500
696 1500
697 1500
698 1500
699 1500
700 1500
701 1500
702 1500
703 1500
704 1500
705 1500
706 1500
707 1500
708 1500
709 1500
710 1500
711 1500
712 1500
713 1500
714 1500
715 1500
716 1500
717 1500
718 1500
719 1500
720 1500
721 1500
722 1500
723 1500
724 1500
725 1500
726 1500
727 1500
728 1500
729 1500
730 1500
731 1500
732 1500
733 1500
734 1500
735 1500
736 1500
737 1500
738 1500
739 1500
740 1500
741 1500
742 1500
743 1500
744 1500
745 1500
746 1500
747 1500
748 1500
749 1500
750 1500
751 1500
752 1500
753 1500
754 1500
755 1500
756 1500
757 1500
758 1500
759 1500
760 1500
761 1500
762 1500
763 1500
764 1500
765 1500
766 1500
767 1500
768 1500
769 1500
770 1500
771 1500
772 1500
773 1500
774 1500
775 1500
776 1500
777 1500
778 1500
779 1500
780 1500
781 1500
782 1500
783 1500
784 1500
785 1500
786 1500
787 1500
788 1500
789 1500
790 1500
791 1500
792 1500
793 1500
794 1500
795 1500
796 1500
797 1500
798 1500
799 1500
800 1500
801 1500
802 1500
803 1500
804 1500
805 1500
806 1500
807 1500
808 1500
809 1500
810 1500
811 1500
812 1500
813 1500
814 1500
815 1500
816 1500
817 1500
818 1500
819 1500
820 1500
821 1500
822 1500
823 1500
824 1500
825 1500
826 1500
827 1500
828 1500
829 1500
830 1500
831 1500
832 1500
833 1500
834 1500
835 1500
836 1500
837 1500
838 1500
839 1500
840 1500
841 1500
842 1500
843 1500
844 1500
845 1500
846 1500
847 1500
848 1500
849 1500
850 1500
851 1500
852 1500
853 1500
854 1500
855 1500
856 1500
857 1500
858 1500
859 1500
860 1500
861 1500
862 1500
863 1500
864 1500
865 1500
866 1500
867 1500
868 1500
869 1500
870 1500
871 1500
872 1500
873 1500
874 1500
875 1500
876 1500
877 1500
878 1500
879 1500
880 1500
881 1500
882 1500
883 1500
884 1500
885 1500
886 1500
887 1500
888 1500
889 1500
890 1500
891 1500
892 1500
893 1500
894 1500
895 1500
896 1500
897 1500
898 1500
899 1500
900 1500
901 1500
902 1500
903 1500
904 1500
905 1500
906 1500
907 1500
908 1500
909 1500
910 1500
911 1500
912 1500
913 1500
914 1500
915 1500
916 1500
917 1500
918 1500
919 1500
920 1500
921 1500
922 1500
923 1500
924 1500
925 1500
926 1500
927 1500
928 1500
929 1500
930 1500
931 1500
932 1500
933 1500
934 1500
935 1500
936 1500
937 1500
938 1500
939 1500
940 1500
941 1500
942 1500
943 1500
944 1500
945 1500
946 1500
947 1500
948 1500
949 1500
950 1500
951 1500
952 1500
953 1500
954 1500
955 1500
956 1500
957 1500
958 1500
959 1500
960 1500
961 1500
962 1500
963 1500
964 1500
965 1500
966 1500
967 1500
968 1500
969 1500
970 1500
971 1500
972 1500
973 1500
974 1500
975 1500
976 1500
977 1500
978 1500
979 1500
980 1500
981 1500
982 1500
983 1500
984 1500
985 1500
986 1500
987 1500
988 1500
989 1500
990 1500
991 1500
992 1500
993 1500
994 1500
995 1500
996 1500
997 1500
998 1500
999 1500
1000 1500
1001 1500
1002 1500
1003 1500
1004 1500
1005 1500
1006 1500
1007 1500
1008 1500
1009 1500
1010 1500
1011 1500
1012 1500
1013 1500
1014 1500
1015 1500
1016 1500
1017 1500
1018 1500
1019 1500
1020 1500
1021 1500
1022 1500
1023 1500
1024 1500
1025 1500
1026 1500
1027 1500
1028 1500
1029 1500
1030 1500
1031 1500
1032 1500
1033 1500
1034 1500
1035 1500
1036 1500
1037 1500
1038 1500
1039 1500
1040 1500
1041 1500
1042 1500
1043 1500
1044 1500
1045 1500
1046 1500
1047 1500
1048 1500
1049 1500
1050 1500
1051 1500
1052 1500
1053 1500
1054 1500
1055 1500
1056 1500
1057 1500
1058 1500
1059 1500
1060 1500
1061 1500
1062 1500
1063 1500
1064 1500
1065 1500
1066 1500
1067 1500
1068 1500
1069 1500
1070 1500
1071 1500
1072 1500
1073 1500
1074 1500
1075 1500
1076 1500
1077 1500
1078 1500
1079 1500
1080 1500
1081 1500
1082 1500
1083 1500
1084 1500
1085 1500
1086 1500
1087 1500
1088 1500
1089 1500
1090 1500
1091 1500
1092 1500
1093 1500
1094 1500
1095 1500
1096 1500
1097 1500
1098 1500
1099 1500
1100 1500
1101 1500
1102 1500
1103 1500
1104 1500
1105 1500
1106 1500
1107 1500
1108 1500
1109 1500
1110 1500
1111 1500
1112 1500
1113 1500
1114 1500
1115 1500
1116 1500
1117 1500
1118 1500
1119 1500
1120 1500
1121 1500
1122 1500
1123 1500
1124 1500
1125 1500
1126 1500
1127 1500
1128 1500
1129 1500
1130 1500
1131 1500
1132 1500
1133 1500
1134 1500
1135 1500
1136 1500
1137 1500
1138 1500
1139 1500
1140 1500
1141 1500
1142 1500
1143 1500
1144 1500
1145 1500
1146 1500
1147 1500
1148 1500
1149 1500
1150 1500
1151 1500
1152 1500
1153 1500
1154 1500
1155 1500
1156 1500
1157 1500
1158 1500
1159 1500
1160 1500
1161 1500
1162 1500
1163 1500
1164 1500
1165 1500
1166 1500
1167 1500
1168 1500
1169 1500
1170 1500
1171 1500
1172 1500
1173 1500
1174 1500
1175 1500
1176 1500
1177 1500
1178 1500
1179 1500
1180 1500
1181 1500
1182 1500
1183 1500
1184 1500
1185 1500
1186 1500
1187 1500
1188 1500
1189 1500
1190 1500
1191 1500
1192 1500
1193 1500
1194 1500
1195 1500
1196 1500
1197 1500
1198 1500
1199 1500
1200 1500
1201 1500
1202 1500
1203 1500
1204 1500
1205 1500
1206 1500
1207 1500
1208 1500
1209 1500
1210 1500
1211 1500
1212 1500
1213 1500
1214 1500
1215 1500
1216 1500
1217 1500
1218 1500
1219 1500
1220 1500
1221 1500
1222 1500
1223 1500
1224 1500
1225 1500
1226 1500
1227 1500
1228 1500
1229 1500
1230 1500
1231 1500
1232 1500
1233 1500
1234 1500
1235 1500
1236 1500
1237 1500
1238 1500
1239 1500
1240 1500
1241 1500
1242 1500
1243 1500
1244 1500
1245 1500
1246 1500
1247 1500
1248 1500
1249 1500
1250 1500
1251 1500
1252 1500
1253 1500
1254 1500
1255 1500
1256 1500
1257 1500
1258 1500
1259 1500
1260 1500
1261 1500
1262 1500
1263 1500
1264 1500
1265 1500
1266 1500
1267 1500
1268 1500
1269 1500
1270 1500
1271 1500
1272 1500
1273 1500
1274 1500
1275 1500
1276 1500
1277 1500
1278 1500
1279 1500
1280 1500
1281 1500
1282 1500
1283 1500
1284 1500
1285 1500
1286 1500
1287 1500
1288 1500
1289 1500
1290 1500
1291 1500
1292 1500
1293 1500
1294 1500
1295 1500
1296 1500
1297 1500
1298 1500
1299 1500
1300 1500
1301 1500
1302 1500
1303 1500
1304 1500
1305 1500
1306 1500
1307 1500
1308 1500
1309 1500
1310 1500
1311 1500
1312 1500
1313 1500
1314 1500
1315 1500
1316 1500
1317 1500
1318 1500
1319 1500
1320 1500
1321 1500
1322 1500
1323 1500
1324 1500
1325 1500
1326 1500
1327 1500
1328 1500
1329 1500
1330 1500
1331 1500
1332 1500
1333 1500
1334 1500
1335 1500
1336 1500
1337 1500
1338 1500
1339 1500
1340 1500
1341 1500
1342 1500
1343 1500
1344 1500
1345 1500
1346 1500
1347 1500
1348 1500
1349 1500
1350 1500
1351 1500
1352 1500
1353 1500
1354 1500
1355 1500
1356 1500
1357 1500
1358 1500
1359 1500
1360 1500
1361 1500
1362 1500
1363 1500
1364 1500
1365 1500
1366 1500
1367 1500
1368 1500
1369 1500
1370 1500
1371 1500
1372 1500
1373 1500
1374 1500
1375 1500
1376 1500
1377 1500
1378 1500
1379 1500
1380 1500
1381 1500
1382 1500
1383 1500
1384 1500
1385 1500
1386 1500
1387 1500
1388 1500
1389 1500
1390 1500
1391 1500
1392 1500
1393 1500
1394 1500
1395 1500
1396 1500
1397 1500
1398 1500
1399 1500
1400 1500
1401 1500
1402 1500
1403 1500
1404 1500
1405 1500
1406 1500
1407 1500
1408 1500
1409 1500
1410 1500
1411 1500
1412 1500
1413 1500
1414 1500
1415 1500
1416 1500
1417 1500
1418 1500
1419 1500
1420 1500
1421 1500
1422 1500
1423 1500
1424 1500
1425 1500
1426 1500
1427 1500
1428 1500
1429 1500
1430 1500
1431 1500
1432 1500
1433 1500
1434 1500
1435 1500
1436 1500
1437 1500
1438 1500
1439 1500
1440 1500
1441 1500
1442 1500
1443 1500
1444 1500
1445 1500
1446 1500
1447 1500
1448 1500
1449 1500
1450 1500
1451 1500
1452 1500
1453 1500
1454 1500
1455 1500
1456 1500
1457 1500
1458 1500
1459 1500
1460 1500
1461 1500
1462 1500
1463 1500
1464 1500
1465 1500
1466 1500
1467 1500
1468 1500
1469 1500
1470 1500
1471 1500
1472 1500
1473 1500
1474 1500
1475 1500
1476 1500
1477 1500
1478 1500
1479 1500
1480 1500
1481 1500
1482 1500
1483 1500
1484 1500
1485 1500
1486 1500
1487 1500
1488 1500
1489 1500
1490 1500
1491 1500
1492 1500
1493 1500
1494 1500
1495 1500
1496 1500
1497 1500
1498 1500
1499 1500
1500 1500
