1 124
2 124
3 124
4 124
5 124
6 124
7 124
8 124
9 124
10 124
11 124
12 124
13 124
14 124
15 124
16 124
17 124
18 124
19 124
20 124
21 124
22 124
23 124
24 124
25 124
26 124
27 124
28 124
29 124
30 124
31 124
32 124
33 124
34 124
35 124
36 124
37 124
38 124
39 124
40 124
41 124
42 124
43 124
44 124
45 124
46 124
47 124
48 124
49 124
50 124
51 124
52 124
53 124
54 124
55 124
56 124
57 124
58 124
59 124
60 124
61 124
62 124
63 124
64 124
65 124
66 124
67 124
68 124
69 124
70 124
71 124
72 124
73 124
74 124
75 124
76 124
77 124
78 124
79 124
80 124
81 124
82 124
83 124
84 124
85 124
86 124
87 124
88 124
89 124
90 124
91 124
92 124
93 124
94 124
95 124
96 124
97 124
98 124
99 124
100 124
101 124
102 124
103 124
104 124
105 124
106 124
107 124
108 124
109 124
110 124
111 124
112 124
113 124
114 124
115 124
116 124
117 124
118 124
119 124
120 124
121 124
122 124
123 124
124 124
125 541
126 541
127 541
128 541
129 541
130 541
131 541
132 541
133 541
134 541
135 541
136 541
137 541
138 541
139 541
140 541
141 541
142 541
143 541
144 541
145 541
146 541
147 541
148 541
149 541
150 541
151 541
152 541
153 541
154 541
155 541
156 541
157 541
158 541
159 541
160 541
161 541
162 541
163 541
164 541
165 541
166 541
167 541
168 541
169 541
170 541
171 541
172 541
173 541
174 541
175 541
176 541
177 541
178 541
179 541
180 541
181 541
182 541
183 541
184 541
185 541
186 541
187 541
188 541
189 541
190 541
191 541
192 541
193 541
194 541
195 541
196 541
197 541
198 541
199 541
200 541
201 541
202 541
203 541
204 541
205 541
206 541
207 541
208 541
209 541
210 541
211 541
212 541
213 541
214 541
215 541
216 541
217 541
218 541
219 541
220 541
221 541
222 541
223 541
224 541
225 541
226 541
227 541
228 541
229 541
230 541
231 541
232 541
233 541
234 541
235 541
236 541
237 541
238 541
239 541
240 541
241 541
242 541
243 541
244 541
245 541
246 541
247 541
248 541
249 541
250 541
251 541
252 541
253 541
254 541
255 541
256 541
257 541
258 541
259 541
260 541
261 541
262 541
263 541
264 541
265 541
266 541
267 541
268 541
269 541
270 541
271 541
272 541
273 541
274 541
275 541
276 541
277 541
278 541
279 541
280 541
281 541
282 541
283 541
284 541
285 541
286 541
287 541
288 541
289 541
290 541
291 541
292 541
293 541
294 541
295 541
296 541
297 541
298 541
299 541
300 541
301 541
302 541
303 541
304 541
305 541
306 541
307 541
308 541
309 541
310 541
311 541
312 541
313 541
314 541
315 541
316 541
317 541
318 541
319 541
320 541
321 541
322 541
323 541
324 541
325 541
326 541
327 541
328 541
329 541
330 541
331 541
332 541
333 541
334 541
335 541
336 541
337 541
338 541
339 541
340 541
341 541
342 541
343 541
344 541
345 541
346 541
347 541
348 541
349 541
350 541
351 541
352 541
353 541
354 541
355 541
356 541
357 541
358 541
359 541
360 541
361 541
362 541
363 541
364 541
365 541
366 541
367 541
368 541
369 541
370 541
371 541
372 541
373 541
374 541
375 541
376 541
377 541
378 541
379 541
380 541
381 541
382 541
383 541
384 541
385 541
386 541
387 541
388 541
389 541
390 541
391 541
392 541
393 541
394 541
395 541
396 541
397 541
398 541
399 541
400 541
401 541
402 541
403 541
404 541
405 541
406 541
407 541
408 541
409 541
410 541
411 541
412 541
413 541
414 541
415 541
416 541
417 541
418 541
419 541
420 541
421 541
422 541
423 541
424 541
425 541
426 541
427 541
428 541
429 541
430 541
431 541
432 541
433 541
434 541
435 541
436 541
437 541
438 541
439 541
440 541
441 541
442 541
443 541
444 541
445 541
446 541
447 541
448 541
449 541
450 541
451 541
452 541
453 541
454 541
455 541
456 541
457 541
458 541
459 541
460 541
461 541
462 541
463 541
464 541
465 541
466 541
467 541
468 541
469 541
470 541
471 541
472 541
473 541
474 541
475 541
476 541
477 541
478 541
479 541
480 541
481 541
482 541
483 541
484 541
485 541
486 541
487 541
488 541
489 541
490 541
491 541
492 541
493 541
494 541
495 541
496 541
497 541
498 541
499 541
500 541
501 541
502 541
503 541
504 541
505 541
506 541
507 541
508 541
509 541
510 541
511 541
512 541
513 541
514 541
515 541
516 541
517 541
518 541
519 541
520 541
521 541
522 541
523 541
524 541
525 541
526 541
527 541
528 541
529 541
530 541
531 541
532 541
533 541
534 541
535 541
536 541
537 541
538 541
539 541
540 541
541 541
542 1500
543 1500
544 1500
545 1500
546 1500
547 1500
548 1500
549 1500
550 1500
551 1500
552 1500
553 1500
554 1500
555 1500
556 1500
557 1500
558 1500
559 1500
560 1500
561 1500
562 1500
563 1500
564 1500
565 1500
566 1500
567 1500
568 1500
569 1500
570 1500
571 1500
572 1500
573 1500
574 1500
575 1500
576 1500
577 1500
578 1500
579 1500
580 1500
581 1500
582 1500
583 1500
584 1500
585 1500
586 1500
587 1500
588 1500
589 1500
590 1500
591 1500
592 1500
593 1500
594 1500
595 1500
596 1500
597 1500
598 1500
599 1500
600 1500
601 1500
602 1500
603 1500
604 1500
605 1500
606 1500
607 1500
608 1500
609 1500
610 1500
611 1500
612 1500
613 1500
614 1500
615 1500
616 1500
617 1500
618 1500
619 1500
620 1500
621 1500
622 1500
623 1500
624 1500
625 1500
626 1500
627 1500
628 1500
629 1500
630 1500
631 1500
632 1500
633 1500
634 1500
635 1500
636 1500
637 1500
638 1500
639 1500
640 1500
641 1500
642 1500
643 1500
644 1500
645 1500
646 1500
647 1500
648 1500
649 1500
650 1500
651 1500
652 1500
653 1500
654 1500
655 1500
656 1500
657 1500
658 1500
659 1500
660 1500
661 1500
662 1500
663 1500
664 1500
665 1500
666 1500
667 1500
668 1500
669 1500
670 1500
671 1500
672 1500
673 1500
674 1500
675 1500
676 1500
677 1500
678 1500
679 1500
680 1500
681 1500
682 1500
683 1500
684 1500
685 1500
686 1500
687 1500
688 1500
689 1500
690 1500
691 1500
692 1500
693 1500
694 1500
695 1500
696 1500
697 1500
698 1500
699 1500
700 1500
701 1500
702 1500
703 1500
704 1500
705 1500
706 1500
707 1500
708 1500
709 1500
710 1500
711 1500
712 1500
713 1500
714 1500
715 1500
716 1500
717 1500
718 1500
719 1500
720 1500
721 1500
722 1500
723 1500
724 1500
725 1500
726 1500
727 1500
728 1500
729 1500
730 1500
731 1500
732 1500
733 1500
734 1500
735 1500
736 1500
737 1500
738 1500
739 1500
740 1500
741 1500
742 1500
743 1500
744 1500
745 1500
746 1500
747 1500
748 1500
749 1500
750 1500
751 1500
752 1500
753 1500
754 1500
755 1500
756 1500
757 1500
758 1500
759 1500
760 1500
761 1500
762 1500
763 1500
764 1500
765 1500
766 1500
767 1500
768 1500
769 1500
770 1500
771 1500
772 1500
773 1500
774 1500
775 1500
776 1500
777 1500
778 1500
779 1500
780 1500
781 1500
782 1500
783 1500
784 1500
785 1500
786 1500
787 1500
788 1500
789 1500
790 1500
791 1500
792 1500
793 1500
794 1500
795 1500
796 1500
797 1500
798 1500
799 1500
800 1500
801 1500
802 1500
803 1500
804 1500
805 1500
806 1500
807 1500
808 1500
809 1500
810 1500
811 1500
812 1500
813 1500
814 1500
815 1500
816 1500
817 1500
818 1500
819 1500
820 1500
821 1500
822 1500
823 1500
824 1500
825 1500
826 1500
827 1500
828 1500
829 1500
830 1500
831 1500
832 1500
833 1500
834 1500
835 1500
836 1500
837 1500
838 1500
839 1500
840 1500
841 1500
842 1500
843 1500
844 1500
845 1500
846 1500
847 1500
848 1500
849 1500
850 1500
851 1500
852 1500
853 1500
854 1500
855 1500
856 1500
857 1500
858 1500
859 1500
860 1500
861 1500
862 1500
863 1500
864 1500
865 1500
866 1500
867 1500
868 1500
869 1500
870 1500
871 1500
872 1500
873 1500
874 1500
875 1500
876 1500
877 1500
878 1500
879 1500
880 1500
881 1500
882 1500
883 1500
884 1500
885 1500
886 1500
887 1500
888 1500
889 1500
890 1500
891 1500
892 1500
893 1500
894 1500
895 1500
896 1500
897 1500
898 1500
899 1500
900 1500
901 1500
902 1500
903 1500
904 1500
905 1500
906 1500
907 1500
908 1500
909 1500
910 1500
911 1500
912 1500
913 1500
914 1500
915 1500
916 1500
917 1500
918 1500
919 1500
920 1500
921 1500
922 1500
923 1500
924 1500
925 1500
926 1500
927 1500
928 1500
929 1500
930 1500
931 1500
932 1500
933 1500
934 1500
935 1500
936 1500
937 1500
938 1500
939 1500
940 1500
941 1500
942 1500
943 1500
944 1500
945 1500
946 1500
947 1500
948 1500
949 1500
950 1500
951 1500
952 1500
953 1500
954 1500
955 1500
956 1500
957 1500
958 1500
959 1500
960 1500
961 1500
962 1500
963 1500
964 1500
965 1500
966 1500
967 1500
968 1500
969 1500
970 1500
971 1500
972 1500
973 1500
974 1500
975 1500
976 1500
977 1500
978 1500
979 1500
980 1500
981 1500
982 1500
983 1500
984 1500
985 1500
986 1500
987 1500
988 1500
989 1500
990 1500
991 1500
992 1500
993 1500
994 1500
995 1500
996 1500
997 1500
998 1500
999 1500
1000 1500
1001 1500
1002 1500
1003 1500
1004 1500
1005 1500
1006 1500
1007 1500
1008 1500
1009 1500
1010 1500
1011 1500
1012 1500
1013 1500
1014 1500
1015 1500
1016 1500
1017 1500
1018 1500
1019 1500
1020 1500
1021 1500
1022 1500
1023 1500
1024 1500
1025 1500
1026 1500
1027 1500
1028 1500
1029 1500
1030 1500
1031 1500
1032 1500
1033 1500
1034 1500
1035 1500
1036 1500
1037 1500
1038 1500
1039 1500
1040 1500
1041 1500
1042 1500
1043 1500
1044 1500
1045 1500
1046 1500
1047 1500
1048 1500
1049 1500
1050 1500
1051 1500
1052 1500
1053 1500
1054 1500
1055 1500
1056 1500
1057 1500
1058 1500
1059 1500
1060 1500
1061 1500
1062 1500
1063 1500
1064 1500
1065 1500
1066 1500
1067 1500
1068 1500
1069 1500
1070 1500
1071 1500
1072 1500
1073 1500
1074 1500
1075 1500
1076 1500
1077 1500
1078 1500
1079 1500
1080 1500
1081 1500
1082 1500
1083 1500
1084 1500
1085 1500
1086 1500
1087 1500
1088 1500
1089 1500
1090 1500
1091 1500
1092 1500
1093 1500
1094 1500
1095 1500
1096 1500
1097 1500
1098 1500
1099 1500
1100 1500
1101 1500
1102 1500
1103 1500
1104 1500
1105 1500
1106 1500
1107 1500
1108 1500
1109 1500
1110 1500
1111 1500
1112 1500
1113 1500
1114 1500
1115 1500
1116 1500
1117 1500
1118 1500
1119 1500
1120 1500
1121 1500
1122 1500
1123 1500
1124 1500
1125 1500
1126 1500
1127 1500
1128 1500
1129 1500
1130 1500
1131 1500
1132 1500
1133 1500
1134 1500
1135 1500
1136 1500
1137 1500
1138 1500
1139 1500
1140 1500
1141 1500
1142 1500
1143 1500
1144 1500
1145 1500
1146 1500
1147 1500
1148 1500
1149 1500
1150 1500
1151 1500
1152 1500
1153 1500
1154 1500
1155 1500
1156 1500
1157 1500
1158 1500
1159 1500
1160 1500
1161 1500
1162 1500
1163 1500
1164 1500
1165 1500
1166 1500
1167 1500
1168 1500
1169 1500
1170 1500
1171 1500
1172 1500
1173 1500
1174 1500
1175 1500
1176 1500
1177 1500
1178 1500
1179 1500
1180 1500
1181 1500
1182 1500
1183 1500
1184 1500
1185 1500
1186 1500
1187 1500
1188 1500
1189 1500
1190 1500
1191 1500
1192 1500
1193 1500
1194 1500
1195 1500
1196 1500
1197 1500
1198 1500
1199 1500
1200 1500
1201 1500
1202 1500
1203 1500
1204 1500
1205 1500
1206 1500
1207 1500
1208 1500
1209 1500
1210 1500
1211 1500
1212 1500
1213 1500
1214 1500
1215 1500
1216 1500
1217 1500
1218 1500
1219 1500
1220 1500
1221 1500
1222 1500
1223 1500
1224 1500
1225 1500
1226 1500
1227 1500
1228 1500
1229 1500
1230 1500
1231 1500
1232 1500
1233 1500
1234 1500
1235 1500
1236 1500
1237 1500
1238 1500
1239 1500
1240 1500
1241 1500
1242 1500
1243 1500
1244 1500
1245 1500
1246 1500
1247 1500
1248 1500
1249 1500
1250 1500
1251 1500
1252 1500
1253 1500
1254 1500
1255 1500
1256 1500
1257 1500
1258 1500
1259 1500
1260 1500
1261 1500
1262 1500
1263 1500
1264 1500
1265 1500
1266 1500
1267 1500
1268 1500
1269 1500
1270 1500
1271 1500
1272 1500
1273 1500
1274 1500
1275 1500
1276 1500
1277 1500
1278 1500
1279 1500
1280 1500
1281 1500
1282 1500
1283 1500
1284 1500
1285 1500
1286 1500
1287 1500
1288 1500
1289 1500
1290 1500
1291 1500
1292 1500
1293 1500
1294 1500
1295 1500
1296 1500
1297 1500
1298 1500
1299 1500
1300 1500
1301 1500
1302 1500
1303 1500
1304 1500
1305 1500
1306 1500
1307 1500
1308 1500
1309 1500
1310 1500
1311 1500
1312 1500
1313 1500
1314 1500
1315 1500
1316 1500
1317 1500
1318 1500
1319 1500
1320 1500
1321 1500
1322 1500
1323 1500
1324 1500
1325 1500
1326 1500
1327 1500
1328 1500
1329 1500
1330 1500
1331 1500
1332 1500
1333 1500
1334 1500
1335 1500
1336 1500
1337 1500
1338 1500
1339 1500
1340 1500
1341 1500
1342 1500
1343 1500
1344 1500
1345 1500
1346 1500
1347 1500
1348 1500
1349 1500
1350 1500
1351 1500
1352 1500
1353 1500
1354 1500
1355 1500
1356 1500
1357 1500
1358 1500
1359 1500
1360 1500
1361 1500
1362 1500
1363 1500
1364 1500
1365 1500
1366 1500
1367 1500
1368 1500
1369 1500
1370 1500
1371 1500
1372 1500
1373 1500
1374 1500
1375 1500
1376 1500
1377 1500
1378 1500
1379 1500
1380 1500
1381 1500
1382 1500
1383 1500
1384 1500
1385 1500
1386 1500
1387 1500
1388 1500
1389 1500
1390 1500
1391 1500
1392 1500
1393 1500
1394 1500
1395 1500
1396 1500
1397 1500
1398 1500
1399 1500
1400 1500
1401 1500
1402 1500
1403 1500
1404 1500
1405 1500
1406 1500
1407 1500
1408 1500
1409 1500
1410 1500
1411 1500
1412 1500
1413 1500
1414 1500
1415 1500
1416 1500
1417 1500
1418 1500
1419 1500
1420 1500
1421 1500
1422 1500
1423 1500
1424 1500
1425 1500
1426 1500
1427 1500
1428 1500
1429 1500
1430 1500
1431 1500
1432 1500
1433 1500
1434 1500
1435 1500
1436 1500
1437 1500
1438 1500
1439 1500
1440 1500
1441 1500
1442 1500
1443 1500
1444 1500
1445 1500
1446 1500
1447 1500
1448 1500
1449 1500
1450 1500
1451 1500
1452 1500
1453 1500
1454 1500
1455 1500
1456 1500
1457 1500
1458 1500
1459 1500
1460 1500
1461 1500
1462 1500
1463 1500
1464 1500
1465 1500
1466 1500
1467 1500
1468 1500
1469 1500
1470 1500
1471 1500
1472 1500
1473 1500
1474 1500
1475 1500
1476 1500
1477 1500
1478 1500
1479 1500
1480 1500
1481 1500
1482 1500
1483 1500
1484 1500
1485 1500
1486 1500
1487 1500
1488 1500
1489 1500
1490 1500
1491 1500
1492 1500
1493 1500
1494 1500
1495 1500
1496 1500
1497 1500
1498 1500
1499 1500
1500 1500
